00000000000000000000000000000000000000000000000000000000000000000000000000000000000000000000000000000000000000000000000000000000000000000000000000000000000
00000000000000000000000000000000000000000000000000000000000000000000000000000000000000000000000000000000000000000000000000000000000000000000000000000000000
00000000000000000000000000000000000000000000000000000000000000000000000000000000000000000000000000000000000000000000000000000000000000000000000000000000000
00000000000000000000000000000000000000000000000000000000000000000000000000000000000000000000000000000000000000000000000000000000000000000000000000000000000
00000000000000000000000000000000000000000000000000000000000000000000000000000000000000000000000000000000000000000000000000000000000000000000000000000000000
00000000000000000000000000000000000000000000000000000000000000000000000000000000000000000000000000000000000000000000000000000000000000000000000000000000000
00000000000000000000000000000000000000000000000000000000000000000000000003333333333333000000000000000000000000000000000000000000000000000000000000000000000
00000000000000000000000000000000000000000000000000000000000000000000000003111111111113000000000000000000000000000000000000000000000000000000000000000000000
00000000000000000000000000000000000000000000000000000000000000000000000003111111111113000000000000000000000000000000000000000000000000000000000000000000000
00000000000000000000000000000000000000000000000000000000000000000000000003111111111113000000000000000000000000000000000000000000000000000000000000000000000
00000000000000000000000000000000000000000000000000000000000000000000000003111111111113000000000000000000000000000000000000000000000000000000000000000000000
00000000000000000000000000000000000000000000000000000000000000000000000003111111111113000000000000000000000000000000000000000000000000000000000000000000000
00000000000000000000000000000000000000000000000000000000000000000000000003111111111113000000000000000000000000000000000000000000000000000000000000000000000
00000000000000000000000000000000000000000000000000000000000000000000000003111111111113000000000000000000000000000000000000000000000000000000000000000000000
00000000000000000000000000000000000000000000000000000000000000000000000003111133333333000000000000000000000000000000000000000000000000000000000000000000000
00000000000000000000000000000000000000000000000000000000000000000000000003111133333333000000000000000000000000000000000000000000000000000000000000000000000
00000000000000000000000000000000000000000000000000000000000000000000000003111111111113000000000000000000000000000000000000000000000000000000000000000000000
00000000000000000000000000000000000000000000000000000000000000000000000003111111111113000000000000000000000000000000000000000000000000000000000000000000000
00000000000000000000000000000000000000000000000000000000000000000000000003111111111113000000000000000000000000000000000000000000000000000000000000000000000
00000000000000000000000000000000000000000000000000000000000000000000000003111111111113000000000000000000000000000000000000000000000000000000000000000000000
00000000000000000000000000000000000000000000000000000000000000000000000003111111111113000000000000000000000000000000000000000000000000000000000000000000000
00000000000000000000000000000000000000000000000000000000000000000000000003111111111113000000000000000000000000000000000000000000000000000000000000000000000
00000000000000000000000000000000000000000000000000011111111111000000000003111111111113000000000000000000000000000000000000000000000000000000000000000000000
00000000000000000000000000000000000000000000000000011111111111000000000003111111111113000000000000000000000000000000000000000000000000000000000000000000000
00000000000000000000000000000000000000000000000000011000000011000000000003333113313333000000000000000000000000000000000000000000000000000000000000000000000
00000000000000000000000000000000000022222222000000011000111111000000000000000110313000000000000000000000000000000000000000000000000000000000000000000000000
00000000000000000000000000000000000021111111111111111000111111000000000000000110313000000000000000000000000000000000000000000000000000000000000000000000000
00000000000000000000000000000000000021111111111111111000110000000000000000000110333000000000000000000000000000000000000000000000000000000000000000000000000
00000000000000000000000000000000000021111112000000000000111111000000000000000110000000000000000000000000000000000000000000000000000000000000000000000000000
00000000000000000000000000000000000021111112000000000000111111000111111111111111111100000000000000000000000000000000000000000000000000000000000000000000000
00000000000000000000000000000000000022211222000000000000000011000111111111111111111100000000000000000000000000000000000000000000000000000000000000000000000
00000000000000000000000000000000000000011000000000000000000011110110000000000000001100000000000000000000000000000000000000000000000000000000000000000000000
00000000000000000000000000000000000111111111000000000000000011110110000000000000001111111000000000000000000000000000000000000000000000000000000000000000000
00000000000000000000000000000000000111111111000000000000000000110110111111111111001111111000000000000000000000000000000000000000000000000000000000000000000
00000000000000000000000000000000000110000011000002222222222200110110111111111111001100001000000000000000000000000000000000000000000000000000000000000000000
00000000000000000000000000000000000110000011111102111111111200110110110000000011001100001111110000000000000000000000000000000000000000000000000000000000000
00000000000000000000000000000000000110000011111102111111111200110110110110110011111110001111110000000000000000000000000000000000000000000000000000000000000
00000000000000000000000000000000000110000000001102111111111200110110110110110011111110000000111111111000000000000000000000000000000000000000000000000000000
00000000000000000000000000111111111111111111001102111111111200110110110110110000000110000000111111111000000000000000000000000000000000000000000000000000000
00000000000000000000000000111111111111111111001111111111111200110110110110110000000111111111110000011000000000000000000000000000000000000000000000000000000
00000000000000000000000000110000000110000011001111111111111200110110110110110000000111111111110000011000000000000000000000000000000000000000000000000000000
00000000000000000000000000110111111111111011000002222222211200110110110110110000000000001100111111111000000000000000000000000000000000000000000000000000000
00000000000000000000000000110111111111111011000000000000011000110110110110110000000000001100111111111000000000000000000000000000000000000000000000000000000
00000000000000000000000000110110000000011011000000000000011000110110110110110000000000001100000000011000000000000000000000000000000000000000000000000000000
00000000000000000000000000110110222222011011000000000000011000111111111111110000000000001100000000011000000000000000000000000000000000000000000000000000000
00000000000000000000000000110110211112011011000000000000011000111111111111110000000000001111111111111000000000000000000000000000000000000000000000000000000
00000000000000000000000000110110211112011011000000000000011000000000000000000000000000001111111111111000000000000000000000000000000000000000000000000000000
00000000000000000000000000110110211112011011000000000000011000000000000000000000000000000000000110011000000000000000000000000000000000000000000000000000000
00000000000000000000000000110110211112011011000000000000011000000000000000000000000000000000000110011000000000000000000000000000000000000000000000000000000
00000000000000000000000000110110211112011011000000000000011000000000000000000000000000000000000110011111111000000000000000000000000000000000000000000000000
00000000000000000000000000110110211112011011000000000000011000000000000000000000000000000000000110011111111000000000000000000000000000000000000000000000000
00000000000000000000000000110110211112011011000000000000011000000000000000000000000000000000000110011000011011111111111111111100000000000000000000000000000
00000000000000000000000000110110211112011011000000000000011000000000000000011111111111111110000110011000011011111111111111111100000000000000000000000000000
00000000000000000000000000110110211112011011000000000000011000000000000000011111111111111110000111111110011011000000000000000000000000000000000000000000000
00000000000000000000000000110110211222011011000000000000011000000000000000011000000000000110000111111110011011111111111111111111110000000000000000000000000
00000000000000000000000000110110011000011011000000000000011000000000000000011002222222222112000000011110011011111111111111111111110000000000000000000000000
00000000000000000000000000110111111111111011000000011111111000000000000000011002111111111112000000011110011011000000000000000000110000000000000000000000000
00000000000000000000000000110111111111111011000000011111111011111111111111111002111111111112000000011110011011111111111111111100110000000000000000000000000
00000000000000000000000000110000000000000011000000000001111011111111111111111002111111111112001111111110011011111111111111111100110000000000000000000000000
00000000000000000000000000111111111111111111000000011111111011001111111111111111111111111112001111111110011000000000000000001100110000000000000000000000000
00000000000000000000000000111111111111111111000000011111111011001111111111111111111111111112001111111111111111111111111111111100110000333333333333333333300
00000000000000000000000000110000000000000000000000011000000011001111000000000002111111111112001111111111111111111111111111111100110011111111111111111111300
00000000000000000000000000110000000000000000000000011111111111001111000000000002111111111112001111000000000000000000000000000000110011111111111111111111300
00000000001111111111111111111110000000000000000000011111111111001111000000000002222111122222001111000000011111111111111111111111110011333333333333333333300
00000000001111111111111111111110000000000000000000000000000000001111000000000000000111100000001111000000011111111111111111111111110011000000000000000000000
00000000001100000000000000000110000000000000000000000000000000001111111111110000000111100000001111000000011000000000000000000000000011000000000000000000000
00000000001101111111111111110110000000000000000000000000000000001111111111110000000111100000001111000000011111111111111111111111110011000000000000000000000
00000000001101111111111111110110000000000000000000000000000000001111111111110000000111100000001111000000011111111111111111111111110011000000000000000000000
00000000001101100000000000110110000000000000000000000000000000001111111111110000000111100000001111000000011000000000000000000000000011000000000000000000000
00000000001101102222222220110110000000000000000000000000000000000000000000000000000111100000001111000000011111111111111111111111111111000000000000000000000
00000000001101102111111120110110000000000000000000000000000000000000000000000000000111100000001111000000011111111111111111111111111111000000000000000000000
00000000001101102111111120110110000000000000000000000000000000000000000000000000000111100000001111000000011001100000000000000000000011000000000000000000000
00000000001111102111111111110110000000000000000000000000000000000000000000000000000111111111111111000000011111111111111111111111111011000000000000000000000
00000000001111102111111111110110000000000000000022222220000000000000000000000000000111111111111111000000011111111111111111111111111011000000000000000000000
00000000001101102111111120110110000000000000000021111120000000000000000000000000000111111111111111000000000000000000000000000000000011000000000000000000000
00000000001101102222222220110110000000000000000021111120000000000000000000000000000111111111111111000000000000000000000000000000000011000000000000000000000
00000000001101100000000000110110000000000000000021111120000000000000000000000000000111100000000000000000000000000000000000000001111111000000000000000000000
00000000001101111111111111110110000000000000000021111120000000000000000000000000000111100000000000000000000000000000000000000001111111000000000000000000000
00000000001101111111111111110110000000000000000021111120000000000000000000000000000111100000000000000000000000000000000000000001100000000000000000000000000
00000000001100000000000000000110000000000000000021111111100000000000000000000000000111100000000000000000000000000000000000022221122200000000000000000000000
00000000001111111111111111111110000000000000000021111111100000000222222222222220000111100000000000000000000000000000000000021111111200000000000000000000000
00000000001111111111111111111110000000000000000021111121111111111111111221111120000111100000000000000000000000000000000000021111111200000000000000000000000
00000000000000000001100000000000000000000000000022222221100000000211111221111120000111111111111111111000000000000000000000021111111200000000000000000000000
00000000000000000001100000000000000000000000000000000001100000000211111221111120000111111111111111111000000000000000000000022222222200000000000000000000000
00000000000000000001100000000000000000000000000000000001100000000222221221222220000000000000000000011000000000000000000000000000000000000000000000000000000
00000000000000000001100000000000000000000000000000000001100000000000001111000000000000000000000000011000000000000000000000000000000000000000000000000000000
00000000000000000001100000000000000000000000000000000001100000000000001111000000000000000000000000011000000000000000000000000000000000000000000000000000000
00000000000000000001111111111111111111111111111100000001102222222222001111000000000000000000000000011000000000000000000000000000000000000000000000000000000
00000000000000000001111111111111111111111111111100000001102111111112001111022222222011111111110000011000000000000000000000000000000000000000000000000000000
00000000000000000001111111111111111111111111111100000001102111111112001111021111112011111111110222211222200000000000000000000000000000000000000000000000000
00000000000000000001111111111111111111111111111100000001102111111112001111021111112011000000110211111111200000000000000000000000000000000000000000000000000
00000000000000000000000000000000000110000000001100000001102111111111111111021111112011000000110211111111200000000000000000000000000000000000000000000000000
00000000000000000000000000000000000110000000001100000001102111111111111111111111112011111100110211111111200000000000000000000000000000000000000000000000000
00000000000000000000000000000000000110000000001100000001102111111112001111111111112011111100110211111111200000000000000000000000000000000000000000000000000
00000000000000000000000000000000000110000000001100000001102222222222001111021111112000001100111111111111200000000000000000000000000000000000000000000000000
00000000000000000011110000001111111111111111111111111111100000000000001111021111112000001100111111111111200000000000000000000000000000000000000000000000000
00000000000000000011110000001111111111111111111111111111111111111111111111021111112011111100110211111111200000000000000000000000000000000000000000000000000
00000000000000000011110000001100000000000000000000000001111111111111111111021111112011111100110211111111200000000000000000000000000000000000000000000000000
00000000000000000011111111111100000000000000000000000001100000000000001111021111112011111100110222222222200000000000000000000000000000000000000000000000000
00000000000000000011111111111100000000000000000000000001100000000000001111022221122011111100110000000000000000000000000000000000000000000000000000000000000
00000000000000000011110000000000000000001111111111111001102222222222001111000001100000000000110000000000000000000000000000000000000000000000000000000000000
00000000000000000011110000000000000000001111111111111001102111111112001111111111111111111111110000000000000000000000000000000000000000000000000000000000000
00000000000000000011110000022222222000001100000000011001102111111112001111111111111111111111110000000000000000000000000000000000000000000000000000000000000
00000000000000000011110000021111112000001100000000011001102111111111111111111111111111111111110000000000000000000000000000000000000000000000000000000000000
00000000000000000011110000021111112000001111111111111001102111111111111111111111111111111111110000000000000000000000000000000000000000000000000000000000000
00000000000000000011111111111111112000001111111111111001102111111112001111000000000000000000000000000000000000000000000000000000000000000000000000000000000
00000000000000000011111111111111112000001100000000011001102111111112001111000000000000000000000000000000000000000000000000000000000000000000000000000000000
00000000000000000011110000021111112000001111111111111001102222222222001111000000000000000000000000000000000000000000000000000000000000000000000000000000000
00000000000000000011110000022222222000001111111111111001100000000000001111000000000000000000000000000000000000000000000000000000000000000000000000000000000
00000000000000000011110000000000000000001100000000011001100000000000001111000000000000000000000000000000000000000000000000000000000000000000000000000000000
00000000000000000011110000000000111111111111111111111001100000000000222112220000000000000000000000000000000000000000000000000000000000000000000000000000000
00000000000000000011110000000000111111111111111111111001100000000000211111120000000000000000000000000000000000000000000000000000000000000000000000000000000
00000000000000000011110000000000110000000000011000000001100000000000211111120000000000000000000000000000000000000000000000000000000000000000000000000000000
00000000000000000011111111111111110000000000011000222221122220000000211s11120000000000000000000000000000000000000000000000000000000000000000000000000000000
00000000000000000011111111111111110000000000011000211111111120000000211111120000000000000000000000000000000000000000000000000000000000000000000000000000000
00000000000000000011110000000000110000000000011000211111111120000000222222220000000000000000000000000000000000000000000000000000000000000000000000000000000
00000000000000000011110000000000110000000000011111111111111120000000000000000000000000000000000000000000000000000000000000000000000000000000000000000000000
00000000000000000011111111111111110000000000011111111111111120000000000000000000000000000000000000000000000000000000000000000000000000000000000000000000000
00000000000000000011111111111111110000000000011000211111111120000000000000000000000000000000000000000000000000000000000000000000000000000000000000000000000
00000000000000000000000000000000000000000000011000211111111120000000000000000000000000000000000000000000000000000000000000000000000000000000000000000000000
00000000000000000000000000000000000000000000011000222222222220000000000000000000000000000000000000000000000000000000000000000000000000000000000000000000000
00000000000000000000000000000000000000000000011000000000000000000000000000000000000000000000000000000000000000000000000000000000000000000000000000000000000
00000000000000000000000000000000000000000000011000000000000000000000000000000000000000000000000000000000000000000000000000000000000000000000000000000000000
00000000000000000000000000000000000000000000011000000000000000000000000000000000000000000000000000000000000000000000000000000000000000000000000000000000000
00000000000000000000000000000000000000000000011000000000000000000000000000000000000000000000000000000000000000000000000000000000000000000000000000000000000
00000000000000000000000000000000001111111111111000000000000000000000000000000000000000000000000000000000000000000000000000000000000000000000000000000000000
00000000000000000000000000000000001111111111111000000000000000000000000000000000000000000000000000000000000000000000000000000000000000000000000000000000000
00000000000000000000000000000000000000000000000000000000000000000000000000000000000000000000000000000000000000000000000000000000000000000000000000000000000
