00000000000000000000000000000000000000000000000000000000000000000000000000000000000000000000000000000000000000000000000000000000000000000000000000000000000
00000000000000000000000000000000000000000000000000000000000000000000000000000000000000000000000000000000000000000000000000000000000000000000000000000000000
00000000000000000000000000000000000000000000000000000000000000000000000000000000000000000000000000000000000000000000000000000000000000000000000000000000000
00000000000000000000000000000000000000000000000000000000000000000000000000000000000000000000000000000000000000000000000000000000000000000000000000000000000
00000000000000000000000000000000000000000000000000000000000000000000000000000000000000000000000000000000000000000000000000000000000000000000000000000000000
00000000000000000000000000000000000000000000000000000000000000000000000000000000000000000000000000000000000000000000000000000000000000000000000000000000000
00000000000000000000000000000000000000000000000000000000001111111111110003333333333333000000000000000000000000000000000000000000000000000000000000000000000
00000000000000000000000000000000000000000000000000000111001111111111110003111111111113000000000000000000000000000000000000000000000000000000000000000000000
00000000000000000000000000000000000000000000000000000111001111111111110003111111111113000000000000000000000000000000000000000000000000000000000000000000000
00000000000000000000000000000000000000000000000000000111001110000001110003111111111113000000000000000000000000000000000000000000000000000000000000000000000
00000000000000000000000000000000000000000011100000000111001111111111110003111111111113000000000000000000000000000000000000000000000000000000000000000000000
00000000000000000000000000000000000000000011100000000111001111111111110003111111111113000000000000000000000000000000000000000000000000000000000000000000000
00000000000000000000000000000000000000000011111111000111111111111111110003111111111113000000000000000000000000000000000000000000000000000000000000000000000
00000000000000000000000000000000000000000011111111000111111110000001110003111111111113000000000000000000000000000000000000000000000000000000000000000000000
00000000000000000000000000001111111100000011111111000111111110000001110003111133333333000000000000000000000000000000000000000000000000000000000000000000000
00000000000000000000000000001111111101111111100111111111001110000001110003111133333333000000000000000000000000000000000000000000000000000000000000000000000
00000000000000000000000000001111111101111111100111111111001110000001110003111111111113000000000000000000000000000000000000000000000000000000000000000000000
00000000000000000000000000001110011101111111100111111111001111111111110003111111111113000000000000000000000000000000000000000000000000000000000000000000000
00000000000000000000000011111110011101110000000000000000001111111111110003111111111113000000000000000000000000000000000000000000000000000000000000000000000
00000000000000000000000011111110011101110000000000000000001111111111110003111111111113000000000000000000000000000000000000000000000000000000000000000000000
00000000000000000000000011111110011111111111111100000000000000001110000003111111111113000000000000000000000000000000000000000000000000000000000000000000000
00000000000000000000000011100000011111111111111100111111111111001110000003111111111113000000000000000000000000000000000000000000000000000000000000000000000
00000000000011111111111111100000011111111111111100111111111111001110000003111111111113000000000000000000000000000000000000000000000000000000000000000000000
00000000000011111111111111100000011100000000000000111111111111001111111103111111111113000000000000000000000000000000000000000000000000000000000000000000000
00000000000011111111111111100000011100000000000000111000000111001111111103333113333333000000000000000000000000000000000000000000000000000000000000000000000
00000000000011100111000011100000000022222222000000111000111111001111111100000110000000000000000000000000000000000000000000000000000000000000000000000000000
00000000000011100111000011111111100021111111111111111000111111000000011100000110000000000000000000000000000000000000000000000000000000000000000000000000000
00000000000011111111000011111111100021111111111111111000111111000000011100000110000000000000000000000000000000000000000000000000000000000000000000000000000
00000000000011111111000011111111100021111111111111111000111000000111111111111111111110000000000000000000000000000000000000000000000000000000000000000000000
00000000000011111111000000000011100021111112000000000000111111110111111111111111111110000000000000000000000000000000000000000000000000000000000000000000000
00000000000011100000000001111111100022211122000000000000111111110111111111111111111110000000000000000000000000000000000000000000000000000000000000000000000
00000000000011100000000001111111100000011100000000000000111111110111000000000000001111111110000000000000000000000000000000000000000000000000000000000000000
00000000000011100000000001111111100111111111100000000000000001110111011111111111001111111110000000000000000000000000000000000000000000000000000000000000000
00000000000011100000000000000000000111111111100000000000000001110111011111111111001111111110000000000000000000000000000000000000000000000000000000000000000
00000000000011100001111111111111111111111111100002222222222201110111011111111111001110001111111000000000000000000000000000000000000000000000000000000000000
00000000000011100001111111111111111111000011111102111111111201110111011100000011111110001111111000000000000000000000000000000000000000000000000000000000000
00001111111111100001111111111111111111000011111102111111111201110111011100111011111110001111111000000000000000000000000000000000000000000000000000000000000
00001111111111100001110111000000000111000011111102111111111201110111011100111011111110000000111111111100000000000000000000000000000000000000000000000000000
00001111111111100001110111000000000111000000011111111111111201110111011100111000001110000000111111111100000000000000000000000000000000000000000000000000000
00001110000000000001110111000000000111000000011111111111111201110111011100111000001111111110111111111100000000000000000000000000000000000000000000000000000
00001110111111110001110111111111111111111100011111111111111201110111011100111000001111111110111000011100000000000000000000000000000000000000000000000000000
00001110111111110001110111111111111111111100011102222222111201110111011100111000001111111110111111111100000000000000000000000000000000000000000000000000000
00001110111111110001110111111111111111111100011100000000111001110111011100111000000000001110111111111100000000000000000000000000000000000000000000000000000
00001111111000000000000000001110000000011100011100000000111001110111011100111000000000001110111111111100000000000000000000000000000000000000000000000000000
00001111111000001111111110001110222222011100011111111111111001111111111111111111111000001110000000011100000000000000000000000000000000000000000000000000000
00001111111000001111111110001110211112011100011111111111111001111111111111111111111000001111111111111100000000000000000000000000000000000000000000000000000
00000000111000001111111110001110211112011100011111111111111001111111111111111111111000001111111111111100000000000000000000000000000000000000000000000000000
00000000111000001110000000001110211112011100000000011100111001110011100001110000111111101111111111111100000000000000000000000000000000000000000000000000000
00000000111111111111110000001110211112011100000000011100111001110011100001110000111111100000001110111100000011111111111111111111111000000000000000000000000
00000000111111111111110000001110211112011100000000011100111001110011100001110000111111100000001110111111111011111111111111111111111000000000000000000000000
00000000111111111111110000001110211112011101111111011100111001110000000000000000000000000000001110111111111011111111111111111111111000000000000000000000000
00000000111000000000000111001110211112011101111111011111111001110000000000111111111111111110001110111111111011100000110000000000111000000000000000000000000
00000000111111110000000111001110211112011101111111011111111001111111111110111111111111111110001110111000111011111111111111111100111000000000000000000000000
00000000111111110000000111001110211112011101110111011111111001111111111110111111111111111110001111111110111011111111111111111100111000000000000000000000000
00000000111111111111111111001110221122011101110111011100111001111111111110111000000000001110001111111110111011111111111111111100111000000000000000000000000
00000000000001111111111111001110001100011101110111011100111001110000111000111002222222221112201111111110111011100011000000000000111000000000000000000000000
00000000111111111111111111001111111111111101110111011100111000000000111000111002111111111111200000001110111011111111111111111100111000000000000000000000000
00000000111111110000000000001111111111111101110111011111111011111111111111111002111111111111200000001110111011111111111111111100111000000000000000000000000
00000000111111110000000000001111111111111101110111011111111011111111111111111111111111111111200000001110111011111111111111111100111000000000000000000000000
00000000111000000000000000001110000000000001110111011111111011111111111111111111111111111111200000001110111000000000000000001100111000000000000000000000000
00000000111000000000000000001110000000000111110111011100000011100111111111111111111111111111201111111111111111111111111111111100111000333333333333333333300
00000000111111111111111111111111100000000111110111011111111111100111000000000002111111111111201111111111111111111111111111111100111011111111111111111111300
00000000111111111111111111111111100000000111110111011111111111100111000000000002111111111111201111111111111111111111111111111100111011111111111111111111300
00000000111111111111111111111111100000000111000000011111111111100111000000000002222222222111201111000000000000000000000000000000111011103333333333333333300
00000000111000000000000000000011111111111111100000000000000000000111000000000000000000000111001111000000011111111111111111111111111011100000000000000000000
00000000111011111111111111111011111111111111101111111111111111111111111111111111111111100111001111000000011111111111111111111111111011100000000000000000000
00000000111011111111111111111011111111111111101111111111111111111111111111111111111111100111001111000000011111111111111111111111111011100000000000000000000
00000000111011111111111111111011101110111011101111111111111111111111111111111111111111100111001111000000011100000000000110000000000011100000000000000000000
00000000111011100000000000111011101110111011101111111111111111111111111111111111111111100111001111000000011111111111111111111111111111100000000000000000000
00000000111011102222222220111011101110111011101111111111111111111111111111111111111111100111001111000000011111111111111111111111111111100000000000000000000
00000000111011102111111120111011101110111011101111111111111111111111111111111111111111100111001111000000011111111111111111111111111111100000000000000000000
00000000111011102111111120111011101110111011101111111111111111111111111111111111111111100111001111000000011001100000000110000000000011100000000000000000000
00000000111111102111111111111011101110111011101111111111111111111111111111111111111111100111111111000000011111111111111111111111111011100000000000000000000
00000000111111102111111111111011101110111011101111111111111111111111111111111111111111100111111111000000011111111111111111111111111011100000000000000000000
00000000111011102111111120111011101110111011101111111111111111111111111111111111111111100111111111000000011111111111111111111111111011100000000000000000000
00000000111011102222222220111011101110111011101111111111111111111111111111111111111111100111111111000000000000000000000000000000000011100000000000000000000
00000000111011100000000000111011101110111011101111111111111111111111s11111111111111111100111000000111111111111111111111111111111111111100000000000000000000
00000000111011111111111111111011101110111011101111111111111111111111111111111111111111100111000000111111111111111111111111111111111111100000000000000000000
00000000111011111111111111111011101110111011101111111111111111111111111111111111111111100111000000111111111111111111111111111111111111100000000000000000000
00000000111011111111111111111011101110111011101111111111111111111111111111111111111111100111000000111000111000000000000000000000000000000000000000000000000
00000000111000000000000000000011101110111011111111111111111111111111111111111111111111100111000000111000111000000000000000000000000000000000000000000000000
00000000111111111111111111111111101110111011111111111111111111111111111111111111111111100111000000111000111000000000000000000000000000000000000000000000000
00000000111111111111111111111111101111111111101111111111111111111111111111111111111111100111111111111111111000000000000000000000000000000000000000000000000
00000000111111111111111111111111101111111111101111111111111111111111111111111111111111111111111111111111111000000000000000000000000000000000000000000000000
00000000000000000001110000000000001111111111101111111111111111111111111111111111111111111111111111111111111000000000000000000000000000000000000000000000000
00000000000000000001110000000000000000000000001111111111111111111111111111111111111111100000000000111000000000000000000000000000000000000000000000000000000
00000000000000000001110000000000000000000000000000000011100000000000001111000000000000000000000000111000000000000000000000000000000000000000000000000000000
00000000000000000001111111111111111111111111111111111111102222222222001111000000000000000000000000111000000000000000000000000000000000000000000000000000000
00000000000000000001111111111111111111111111111111111111102111111112001111022222222011111111110000111000000000000000000000000000000000000000000000000000000
00000000000000000001111111111111111111111111111111111111102111111112001111021111112011111111110222111222200000000000000000000000000000000000000000000000000
00000000000000000001111111111111111111111111111111111111102111111112001111021111112011100001110211111111200000000000000000000000000000000000000000000000000
00000000000000000001110000000000000111000000011100000011102111111111111111021111112011100001110211111111200000000000000000000000000000000000000000000000000
00000000000000000001111111100000000111000000011100000011102111111111111111111111112011111101110211111111200000000000000000000000000000000000000000000000000
00000000000000000001111111100000000111000000011100000011102111111111111111111111112011111101110211111111200000000000000000000000000000000000000000000000000
00000000000000000001111111100000000111000000011100000011102222222222001111111111112011111101111111111111200000000000000000000000000000000000000000000000000
00000000000000000000000011101111111111111111111111111111100000000000001111021111112000011101111111111111200000000000000000000000000000000000000000000000000
00000000000000000000000011101111111111111111111111111111111111111111111111021111112000011101111111111111200000000000000000000000000000000000000000000000000
00000000000000000000000011101111111111111111111111111111111111111111111111021111112011111101110211111111200000000000000000000000000000000000000000000000000
00000000000000000011111111111100000000000000000000000011111111111111111111021111112011111101110222222222200000000000000000000000000000000000000000000000000
00000000000000000011111111111100000000000000000000000011100000000000001111022221112011111101110000000000000000000000000000000000000000000000000000000000000
00000000000000000011111111111100000000011111111111111011102222222222001111000001110000000001110000000000000000000000000000000000000000000000000000000000000
00000000000000000011110000000000000000011111111111111011102111111112001111111111111111111111110000000000000000000000000000000000000000000000000000000000000
00000000000000000011110000000000000000011111111111111011102111111112001111111111111111111111110000000000000000000000000000000000000000000000000000000000000
00000000000000000011110000000000000000011100000000111011102111111111111111111111111111111111110000000000000000000000000000000000000000000000000000000000000
00000000000000000011111111111111111111111111111111111011102111111111111111111111111111111111110000000000000000000000000000000000000000000000000000000000000
00000000000000000011111111111111111111111111111111111011102111111111111111000000000000000000000000000000000000000000000000000000000000000000000000000000000
00000000000000000011111111111111111111111111111111111011102111111112001111000000000000000000000000000000000000000000000000000000000000000000000000000000000
00000000000000000011110000000000000000011100000000111011102222222222001111000000000000000000000000000000000000000000000000000000000000000000000000000000000
00000000000000000011110000000000000000011111111111111011100000000000001111000000000000000000000000000000000000000000000000000000000000000000000000000000000
00000000000000000011110000000000000000011111111111111011100000000000001111000000000000000000000000000000000000000000000000000000000000000000000000000000000
00000000000000000011110000000001111111111111111111111011100000000000222112220000000000000000000000000000000000000000000000000000000000000000000000000000000
00000000000000000011110000000001111111111100000000111011100000000000211111120000000000000000000000000000000000000000000000000000000000000000000000000000000
00000000000000000011110000000001111111111111111111111111100000000000211111120000000000000000000000000000000000000000000000000000000000000000000000000000000
00000000000000000011111111111111110000011111111111111111100000000000211111120000000000000000000000000000000000000000000000000000000000000000000000000000000
00000000000000000011111111111111110000011111111111111111100000000000211111120000000000000000000000000000000000000000000000000000000000000000000000000000000
00000000000000000011111111111111110000000000000000000000000000000000222222220000000000000000000000000000000000000000000000000000000000000000000000000000000
00000000000000000011110000000001110000000000000000000000000000000000000000000000000000000000000000000000000000000000000000000000000000000000000000000000000
00000000000000000011111111111111110000000000000000000000000000000000000000000000000000000000000000000000000000000000000000000000000000000000000000000000000
00000000000000000011111111111111110000000000000000000000000000000000000000000000000000000000000000000000000000000000000000000000000000000000000000000000000
00000000000000000011111111111111110000000000000000000000000000000000000000000000000000000000000000000000000000000000000000000000000000000000000000000000000
00000000000000000000000000000000000000000000000000000000000000000000000000000000000000000000000000000000000000000000000000000000000000000000000000000000000
00000000000000000000000000000000000000000000000000000000000000000000000000000000000000000000000000000000000000000000000000000000000000000000000000000000000
00000000000000000000000000000000000000000000000000000000000000000000000000000000000000000000000000000000000000000000000000000000000000000000000000000000000
00000000000000000000000000000000000000000000000000000000000000000000000000000000000000000000000000000000000000000000000000000000000000000000000000000000000
00000000000000000000000000000000000000000000000000000000000000000000000000000000000000000000000000000000000000000000000000000000000000000000000000000000000
00000000000000000000000000000000000000000000000000000000000000000000000000000000000000000000000000000000000000000000000000000000000000000000000000000000000
00000000000000000000000000000000000000000000000000000000000000000000000000000000000000000000000000000000000000000000000000000000000000000000000000000000000
00000000000000000000000000000000000000000000000000000000000000000000000000000000000000000000000000000000000000000000000000000000000000000000000000000000000
